40
21 2 2 6 7
15 1 4 3 7 8 9
13 1 3 2 4 9
12 1 4 3 3 9 13
96 1 1 11
27 1 4 1 7 19 27
19 2 6 1 2 6 8 19 20
18 1 6 2 7 9 12 20 21
14 2 6 2 3 4 8 12 13
2 2 2 15 16
18 2 3 5 17 18
39 1 6 8 9 13 21 22 23
41 1 5 4 9 12 14 23
63 1 4 13 15 23 24
20 2 4 10 14 16 24
1 1 5 10 15 17 24 25 
93 1 4 11 16 18 25
10 1 3 11 17 26
31 1 5 6 7 20 27 28
36 1 5 7 8 19 21 28  
37 2 6 8 12 20 22 29 30
52 1 4 12 21 23 30
42 2 8 12 13 14 22 24 30 31 32
72 1 7 14 15 16 23 25 26 32
69 1 4 16 17 24 26
14 1 5 18 24 25 32 33
29 2 3 6 19 28
50 1 4 19 20 27 29
25 1 4 21 28 30 34
81 1 6 21 22 23 29 31 34
48 1 6 23 30 32 34 35 36
75 1 8 23 24 26 31 33 36 37 38
97 1 3 26 32 39
91 1 4 29 30 31 35
57 1 3 31 34 36
63 1 4 31 32 35 37
79 1 4 32 36 38 40
81 2 4 32 37 39 40
84 1 2 38 33
92 1 2 37 38
